Q1.
1	2	3	4	5	
6	7	8	9	10	
11	12	13	14	15	
16	17	18	19	20	
21	22	23	24	25	

Q2.
5	4	3	2	1
10	9	8	7	6
15	14	13	12	11
20	19	18	17	16
25	24	23	22	21

Q3.
1	6	11	16	21
2	7	12	17	22
3	8	13	18	23
4	9	14	19	24
5	10	15	20	25

Q4.
5	10	15	20	25
4	9	14	19	24
3	8	13	18	23
2	7	12	17	22
1	6	11	16	21

Q5.
1    2    3    4    5
16   17   18   19   6
15   24   25   20   7
14   23   22   21   8
13   12   11   10   9
